[{"id": 0, "img_name": "2025-12-7 19-2-19", "width": 1053, "height": 1874, "position": [2.2107641876329045, 0.012676016745459356, -1.0770003866188023], "rotation": [[0.7916422257920576, 0.32780316884702027, -0.5156041784516965], [-0.25753393467410524, 0.9442869198777161, 0.2049353201357186], [0.5540567288953998, -0.02944988016457319, 0.8319578389101345]], "fy": 1545.9140272972656, "fx": 1545.9140272972656}, {"id": 1, "img_name": "2025-12-7 19-3-32", "width": 988, "height": 1758, "position": [-5.605886221090073, 0.7135322081354417, -0.8677864640344117], "rotation": [[0.8679064400443394, -0.12769989897135164, 0.4800324438329851], [0.15506832651726193, 0.9877469197006676, -0.017602179779187672], [-0.4719027711729369, 0.08971487292834777, 0.8770741223720794]], "fy": 1348.6161411754756, "fx": 1348.6161411754756}, {"id": 2, "img_name": "2025-12-7 19-4-44", "width": 1081, "height": 1933, "position": [1.390875131704875, -0.4871778549096833, -1.536549030830129], "rotation": [[0.8988556218664457, 0.22266835276347335, -0.37746175397871323], [-0.1458367571769141, 0.9641928739018554, 0.22150336831073905], [0.41326772351008373, -0.14405174970989607, 0.8991434157631977]], "fy": 1554.969451325053, "fx": 1554.9694513250531}, {"id": 3, "img_name": "2025-12-7 19-5-43", "width": 1085, "height": 1959, "position": [0.4422535405618483, 1.6584370882125903, -2.5671125075268804], "rotation": [[0.9732764120671245, 0.10964415378665386, -0.20177012973716735], [-0.11632369907938625, 0.9929783245296753, -0.02151381060452252], [0.19799450180808845, 0.04440953224981633, 0.9791965945095599]], "fy": 1575.6421076024492, "fx": 1575.6421076024494}, {"id": 4, "img_name": "2025-12-7 19-7-36", "width": 1077, "height": 1915, "position": [-1.5933470719509073, 1.4841675604315148, -0.029075135080518445], "rotation": [[0.9999539458770951, -0.008761255712756724, 0.0039174638688128285], [0.00886222824016976, 0.9996082863645748, -0.02654684052570486], [-0.0036833456865876554, 0.026580335393176585, 0.9996398945294946]], "fy": 1948.2253750196376, "fx": 1948.2253750196376}, {"id": 5, "img_name": "2025-12-7 19-8-9", "width": 1081, "height": 1932, "position": [4.134084119459163, -1.3587918773744105, 4.425770345319448], "rotation": [[0.005581752270822356, 0.49690418362032235, -0.8677874603508671], [-0.42209298854546634, 0.7878752774214525, 0.4484306593541815], [0.9065353567635096, 0.36378397371062143, 0.21413749650391906]], "fy": 1886.5183179554226, "fx": 1886.518317955423}, {"id": 6, "img_name": "2025-12-7 19-2-23", "width": 1050, "height": 1868, "position": [4.211720061366748, -1.0180573440887253, 0.45704088865042397], "rotation": [[0.5313761066127028, 0.42730263841615845, -0.7314724113209703], [-0.3662428050695946, 0.8944774599830624, 0.25646887007394076], [0.7638754093802731, 0.1316150781059628, 0.6318004670457923]], "fy": 1541.5235964729413, "fx": 1541.5235964729413}, {"id": 7, "img_name": "2025-12-7 19-2-27", "width": 1083, "height": 1944, "position": [4.668969025753275, -2.1584770352532545, 3.339276941337289], "rotation": [[0.16171019426765457, 0.49987684168088775, -0.8508660036815772], [-0.3964547947351941, 0.8224830559695178, 0.40785440830585373], [0.903699844418152, 0.2713756912366758, 0.33118246542415847]], "fy": 1618.2454201362214, "fx": 1618.2454201362214}, {"id": 8, "img_name": "2025-12-7 19-2-49", "width": 1080, "height": 1926, "position": [5.039244064789602, -2.287696603713427, 2.942384558088379], "rotation": [[0.1578993803013873, 0.592581181471595, -0.7898831110146401], [-0.42348053473378483, 0.7632599238750543, 0.4879534048532033], [0.892038128334224, 0.2574525819873926, 0.37146486459152417]], "fy": 1643.126139154545, "fx": 1643.126139154545}, {"id": 9, "img_name": "2025-12-7 19-2-54", "width": 1092, "height": 2002, "position": [1.526984232166295, -3.297547897281911, 6.414594540962725], "rotation": [[-0.6396279536439424, 0.44502314963098494, -0.6267618983392182], [-0.36570647351164276, 0.541004480984242, 0.7573459756192338], [0.6761174869421297, 0.7136305401589037, -0.18329374240156218]], "fy": 1360.329525913403, "fx": 1360.329525913403}, {"id": 10, "img_name": "2025-12-7 19-3-0", "width": 1050, "height": 1869, "position": [-3.839779175389597, -1.8967207096528411, -0.36624340232435015], "rotation": [[0.8933589330525616, -0.3054369771918915, 0.3295725560465684], [0.19752124506838833, 0.9257251386133162, 0.32251872114032404], [-0.40360274340224966, -0.2230273989967072, 0.8873351141563942]], "fy": 1633.1950161559412, "fx": 1633.1950161559412}, {"id": 11, "img_name": "2025-12-7 19-3-36", "width": 1052, "height": 1872, "position": [-2.709733140190231, 0.29282722597081534, -3.0518423184591086], "rotation": [[0.9932956516091324, 0.08221211598171797, 0.08127063725723842], [-0.08259496464374766, 0.9965822781561534, 0.0013545038166459884], [-0.08088152020014924, -0.008057968161998883, 0.9966911501760279]], "fy": 1610.395478975853, "fx": 1610.395478975853}, {"id": 12, "img_name": "2025-12-7 19-3-4", "width": 1066, "height": 1897, "position": [-1.2402169857563012, 0.3949611785548032, -0.4363464849539037], "rotation": [[0.9960629149663568, 0.08207373295435022, -0.03350480245669736], [-0.08032315894243637, 0.9954826346375268, 0.050621282803151306], [0.03750812666919544, -0.04773077093517897, 0.998155756352535]], "fy": 1564.4105188630056, "fx": 1564.4105188630056}, {"id": 13, "img_name": "2025-12-7 19-3-9", "width": 846, "height": 1504, "position": [1.4904497515231203, 0.07128219673855823, 0.4168865084481345], "rotation": [[0.7620571929364404, 0.33908611866984817, -0.5516243638738689], [-0.3665534314778153, 0.9281813203095016, 0.06417178897575732], [0.5337671932272268, 0.15329723009215854, 0.8316204318560241]], "fy": 1117.020905376727, "fx": 1117.020905376727}, {"id": 14, "img_name": "2025-12-7 19-4-29", "width": 1082, "height": 1940, "position": [-2.536351889085569, -0.8301649083364037, -0.5760206441960007], "rotation": [[0.9854677699153465, -0.07988213945896327, 0.14990703203496655], [0.027299065690485978, 0.9455289936170378, 0.32439125025496335], [-0.1676545122282734, -0.31558480005382145, 0.9339690565026709]], "fy": 1474.6720074397242, "fx": 1474.672007439724}, {"id": 15, "img_name": "2025-12-7 19-4-29 (1)", "width": 1082, "height": 1940, "position": [-2.5363518890855685, -0.8301649083364036, -0.5760206441959993], "rotation": [[0.9854677699153463, -0.07988213945896332, 0.14990703203496658], [0.02729906569048598, 0.9455289936170378, 0.3243912502549635], [-0.16765451222827343, -0.3155848000538216, 0.9339690565026709]], "fy": 1474.6720074397238, "fx": 1474.6720074397238}, {"id": 16, "img_name": "2025-12-7 19-4-48", "width": 1052, "height": 1871, "position": [4.307829095216678, -1.0904008295896908, 0.9094185619071763], "rotation": [[0.4872765723976741, 0.4497588556359512, -0.7485175440625383], [-0.29253656071368017, 0.8917108586729804, 0.34536083328962935], [0.8227903151096184, 0.050682504888130454, 0.5660807195622185]], "fy": 1514.780461458752, "fx": 1514.780461458752}, {"id": 17, "img_name": "2025-12-7 19-4-56", "width": 1076, "height": 1915, "position": [5.650605627381861, -0.8586032990261888, 3.605942912843542], "rotation": [[0.1825025114467062, 0.36868515348690584, -0.9114626108151567], [-0.3076935954424738, 0.9018835351495971, 0.303200825113899], [0.9338187643431289, 0.22511629577709963, 0.27803807065988156]], "fy": 1588.455524071697, "fx": 1588.455524071697}, {"id": 18, "img_name": "2025-12-7 19-5-26", "width": 1081, "height": 1935, "position": [-2.167453046004113, 1.553048327393724, -1.196480472506424], "rotation": [[0.9875309782926224, -0.07932718056957899, 0.1359770765066589], [0.08257473814135037, 0.9964149533698681, -0.018402535744045868], [-0.1340297710708475, 0.029401345612146298, 0.990541054849768]], "fy": 1543.0021511429854, "fx": 1543.0021511429854}, {"id": 19, "img_name": "2025-12-7 19-5-29", "width": 1084, "height": 1949, "position": [-2.222985836187844, 1.545988311104549, -1.062629757321684], "rotation": [[0.9989946933453995, -0.04386985324548833, 0.009221639981615105], [0.04394227674208596, 0.9990035952032759, -0.007803402184355947], [-0.008870117386660546, 0.008200777228299504, 0.9999270314729963]], "fy": 1550.449088613339, "fx": 1550.4490886133392}, {"id": 20, "img_name": "2025-12-7 19-5-39", "width": 1068, "height": 1899, "position": [-2.7788825978116996, 2.389244220560098, -2.6449967642404024], "rotation": [[0.9886999607752974, -0.007969342453999774, 0.14969594898919775], [0.01830281489922671, 0.9975324295096238, -0.06777948836773508], [-0.1487864057287838, 0.06975343473606276, 0.9864061353280562]], "fy": 1606.8705104746857, "fx": 1606.8705104746857}, {"id": 21, "img_name": "2025-12-7 19-6-13", "width": 1080, "height": 1928, "position": [-1.6701773652979643, 0.5356607551952984, -0.33375770229624163], "rotation": [[0.9999663771273717, -0.007272610891603438, 0.003788633735054054], [0.00687582555935948, 0.9953673502498356, 0.09589870217838382], [-0.00446851626788104, -0.09586942780386472, 0.9953838883440517]], "fy": 1501.179132615968, "fx": 1501.1791326159678}, {"id": 22, "img_name": "2025-12-7 19-6-19", "width": 1044, "height": 1857, "position": [3.5845883805339285, 0.4061275356149716, 0.7662821013999164], "rotation": [[0.6359217332333587, 0.2444317971601978, -0.7320222986620808], [-0.2873261583378355, 0.9553162534162887, 0.06938684813050856], [0.7162731517628604, 0.16620455016545452, 0.6777380169121376]], "fy": 1555.1171690733465, "fx": 1555.1171690733465}, {"id": 23, "img_name": "2025-12-7 19-6-22", "width": 1021, "height": 1816, "position": [3.791851856836083, -4.927379448051357, -3.0314308624337727], "rotation": [[0.7059591022277146, 0.5007081448032201, -0.5009122674776056], [-0.24911755805114558, 0.8376036454879391, 0.48616928670572057], [0.6629948629155984, -0.21842959230157546, 0.7160491079210238]], "fy": 1603.5682584469298, "fx": 1603.5682584469296}, {"id": 24, "img_name": "2025-12-7 19-6-8", "width": 1077, "height": 1916, "position": [-4.543258371831375, 0.5836531541986856, -0.7400712764804755], "rotation": [[0.8593910391541781, -0.28739042636569817, 0.4229110836273321], [0.26075535795277666, 0.9577928339995953, 0.12099392727712989], [-0.4398337016650967, 0.00629523409940391, 0.8980571724045261]], "fy": 1471.540213937038, "fx": 1471.5402139370385}, {"id": 25, "img_name": "2025-12-7 19-7-32", "width": 1068, "height": 1900, "position": [-2.4380086194890027, 1.8023698884079258, 0.06940886848181181], "rotation": [[0.9943350807600255, -0.0182583757050548, 0.10471093011986143], [0.01285002401631646, 0.9985594918231652, 0.05209431996525626], [-0.10551125083484478, -0.050453671882980645, 0.9931373535119856]], "fy": 1980.4383055603155, "fx": 1980.4383055603155}, {"id": 26, "img_name": "2025-12-7 19-7-41", "width": 1077, "height": 1916, "position": [-0.4493944991027918, 0.5869711566720474, 0.7064406084323026], "rotation": [[0.9785966036181276, 0.07053229854622885, -0.1933232584270467], [-0.06474404895641536, 0.9972485353697239, 0.03610494187323535], [0.19533790085847227, -0.022815642982963572, 0.9804705762660498]], "fy": 1836.3764057321976, "fx": 1836.3764057321978}, {"id": 27, "img_name": "2025-12-7 19-8-14", "width": 1079, "height": 1922, "position": [-2.4116976967164856, 1.4356358027941134, -0.11159895383865345], "rotation": [[0.9787762781849224, -0.15373297938728336, 0.13551076824806468], [0.16109234262220137, 0.9859100436554691, -0.045062656022052845], [-0.12667381106986114, 0.0659360058540072, 0.9897505689420226]], "fy": 1886.6502958392175, "fx": 1886.6502958392177}, {"id": 28, "img_name": "2025-12-7 19-8-16", "width": 1081, "height": 1931, "position": [-2.857304759832659, 0.36521899356155885, -0.09773296410603492], "rotation": [[0.9589483637295083, -0.1815061469450341, 0.21788426818305753], [0.16784407805971122, 0.9825773411447108, 0.07981312003221125], [-0.22857471680127797, -0.039966076742135655, 0.972705665424571]], "fy": 1858.7199857858582, "fx": 1858.7199857858584}, {"id": 29, "img_name": "2025-12-7 19-8-23", "width": 1081, "height": 1934, "position": [-2.595741556298439, 0.6216282573373927, -0.19071600174055925], "rotation": [[0.9865038414331948, -0.0286856202185354, 0.1612057878310446], [-0.004426768305548503, 0.9795018872268965, 0.20138633677913015], [-0.16367826538645508, -0.19938201551701243, 0.966155389845989]], "fy": 1795.3557931091093, "fx": 1795.3557931091093}, {"id": 30, "img_name": "2025-12-7 19-8-6", "width": 1055, "height": 1877, "position": [3.1162465958079246, -0.07481991388133374, 2.158002791305635], "rotation": [[0.5867379471851739, 0.44819138273423464, -0.6744353681233678], [-0.3404729985424449, 0.8922109291197673, 0.296711636480199], [0.73472220505198, 0.05553505561369521, 0.6760910730083186]], "fy": 1864.8677987356946, "fx": 1864.8677987356946}]